# +====================+
# | Four-sided pyramid |
# +====================+
# Stable double traces of the 4-pyramid
#
#    5-----4
#    |\   /|
#    | \ / |
#    |  1  |
#    | / \ |
#    |/   \|
#    2-----3
#
# (Note: only traces with 2 antiparallel and 6 parallel segments are included.)
four_pyramid_data = [
    [2, 3, 4, 5, 1, 4, 3, 1, 4, 5, 2, 3, 1, 2, 5, 1, 2],
    [1, 2, 3, 4, 5, 1, 2, 5, 1, 4, 5, 2, 3, 1, 4, 3, 1],
    [2, 3, 4, 5, 1, 4, 5, 2, 3, 1, 4, 3, 1, 2, 5, 1, 2],
    [1, 2, 3, 4, 5, 2, 3, 1, 4, 3, 1, 2, 5, 1, 4, 5, 1],
    [2, 3, 1, 4, 5, 1, 4, 3, 2, 5, 4, 3, 1, 2, 5, 1, 2],
    [1, 2, 3, 1, 4, 3, 2, 5, 4, 3, 1, 2, 5, 1, 4, 5, 1],
    [2, 3, 1, 4, 5, 2, 3, 4, 5, 1, 4, 3, 1, 2, 5, 1, 2]]

# These are the two (totally) antiparallel traces.
antiparallel_four_pyramid_data = [    
    [1, 2, 3, 4, 1, 5, 4, 3, 1, 4, 5, 2, 1, 3, 2, 5, 1],
    [2, 3, 1, 2, 5, 1, 4, 3, 2, 1, 5, 4, 1, 3, 4, 5, 2]]    
    
# This is the extended data that includes all traces.
extended_four_pyramid_data = [
    [2, 1, 3, 2, 5, 1, 2, 5, 4, 1, 5, 4, 3, 1, 4, 3, 2],
    [1, 2, 3, 4, 5, 1, 4, 5, 2, 1, 5, 2, 3, 1, 4, 3, 1],
    [2, 3, 4, 5, 1, 4, 3, 1, 4, 5, 2, 3, 1, 2, 5, 1, 2],
    [2, 3, 4, 1, 5, 4, 1, 3, 4, 5, 2, 3, 1, 2, 5, 1, 2],
    [2, 1, 3, 2, 5, 4, 1, 5, 2, 1, 5, 4, 3, 1, 4, 3, 2],
    [1, 2, 3, 4, 5, 1, 2, 5, 1, 4, 5, 2, 3, 1, 4, 3, 1],
    [2, 3, 4, 1, 5, 4, 3, 1, 4, 5, 2, 3, 1, 2, 5, 1, 2],
    [2, 1, 3, 2, 5, 1, 4, 5, 2, 1, 5, 4, 3, 1, 4, 3, 2],
    [1, 2, 3, 4, 5, 1, 2, 5, 4, 1, 5, 2, 3, 1, 4, 3, 1],
    [2, 3, 4, 5, 1, 4, 5, 2, 3, 1, 4, 3, 1, 2, 5, 1, 2],
    [1, 2, 3, 4, 5, 2, 3, 1, 4, 3, 1, 2, 5, 1, 4, 5, 1],
    [1, 2, 3, 4, 1, 5, 4, 3, 1, 4, 5, 2, 1, 3, 2, 5, 1],
    [1, 2, 3, 4, 5, 2, 1, 3, 4, 1, 3, 2, 5, 1, 4, 5, 1],
    [2, 3, 1, 4, 5, 1, 4, 3, 2, 5, 4, 3, 1, 2, 5, 1, 2],
    [2, 3, 4, 5, 1, 4, 3, 1, 2, 3, 1, 4, 5, 2, 1, 5, 2],
    [2, 3, 1, 4, 5, 1, 4, 3, 1, 2, 3, 4, 5, 2, 1, 5, 2],
    [1, 2, 3, 4, 1, 3, 4, 5, 2, 1, 3, 2, 5, 1, 4, 5, 1],
    [2, 3, 1, 4, 5, 1, 4, 3, 2, 1, 3, 4, 5, 2, 1, 5, 2],
    [1, 2, 3, 1, 4, 3, 2, 5, 4, 3, 1, 2, 5, 1, 4, 5, 1],
    [2, 3, 1, 4, 5, 2, 3, 4, 5, 1, 4, 3, 1, 2, 5, 1, 2],
    [1, 2, 3, 4, 1, 3, 2, 5, 4, 3, 1, 2, 5, 1, 4, 5, 1],
    [2, 3, 1, 4, 5, 2, 3, 4, 1, 5, 4, 3, 1, 2, 5, 1, 2],
    [2, 1, 3, 2, 5, 1, 4, 3, 2, 1, 5, 4, 3, 1, 4, 5, 2],
    [2, 1, 3, 2, 5, 1, 4, 3, 2, 1, 5, 4, 1, 3, 4, 5, 2],
    [2, 3, 1, 2, 5, 1, 4, 3, 2, 1, 5, 4, 3, 1, 4, 5, 2],
    [2, 3, 1, 2, 5, 1, 4, 3, 2, 1, 5, 4, 1, 3, 4, 5, 2],
    [2, 3, 1, 4, 5, 2, 1, 3, 4, 5, 1, 2, 3, 4, 1, 5, 2],
    [2, 3, 1, 4, 5, 1, 2, 3, 4, 1, 5, 2, 1, 3, 4, 5, 2]]
